700.000000000000000
700.000000000000000
700.000000000000000
600.000000000000000
600.000000000000000
500.000000000000000
500.000000000000000
400.000000000000000
400.000000000000000
300.000000000000000
300.000000000000000
300.000000000000000
200.000000000000000
200.000000000000000
200.000000000000000
200.000000000000000
300.000000000000000
300.000000000000000
400.000000000000000
400.000000000000000
500.000000000000000
500.000000000000000
600.000000000000000
600.000000000000000
700.000000000000000
700.000000000000000
700.000000000000000
700.000000000000000
200.000000000000000
200.000000000000000
200.000000000000000
200.000000000000000
700.000000000000000
700.000000000000000
700.000000000000000
