0.000000000000000
0.016666666666667
0.033333333333333
0.050000000000000
0.066666666666667
0.083333333333333
0.100000000000000
0.116666666666667
0.133333333333333
0.150000000000000
0.166666666666667
0.183333333333333
0.200000000000000
0.216666666666667
0.233333333333333
0.250000000000000
0.266666666666667
0.283333333333333
0.300000000000000
0.316666666666667
0.333333333333333
0.350000000000000
0.366666666666667
0.383333333333333
0.400000000000000
0.416666666666667
0.433333333333333
0.450000000000000
0.466666666666667
0.483333333333333
0.500000000000000
0.516666666666667
0.533333333333333
0.550000000000000
0.566666666666667
0.583333333333333
0.600000000000000
0.616666666666667
0.633333333333333
0.650000000000000
0.666666666666667
0.683333333333333
0.700000000000000
0.716666666666667
0.733333333333333
0.750000000000000
0.766666666666667
0.783333333333333
0.800000000000000
0.816666666666667
0.833333333333333
0.850000000000000
0.866666666666667
0.883333333333333
0.900000000000000
0.916666666666667
0.933333333333333
0.950000000000000
0.966666666666667
0.983333333333333
1.000000000000000
1.016666666666667
1.033333333333333
1.050000000000000
1.066666666666667
1.083333333333333
1.100000000000000
1.116666666666667
1.133333333333333
1.150000000000000
1.166666666666667
1.183333333333333
1.200000000000000
1.216666666666667
1.233333333333333
1.250000000000000
1.266666666666667
1.283333333333333
1.300000000000000
1.316666666666667
1.333333333333333
1.350000000000000
1.366666666666667
1.383333333333333
1.400000000000000
1.416666666666667
1.433333333333333
1.450000000000000
1.466666666666667
1.483333333333333
1.500000000000000
1.516666666666667
1.533333333333333
1.550000000000000
1.566666666666667
1.583333333333333
1.600000000000000
1.616666666666667
1.633333333333333
1.650000000000000
1.666666666666667
1.683333333333333
1.700000000000000
1.716666666666667
1.733333333333333
1.750000000000000
1.766666666666667
1.783333333333333
1.800000000000000
1.816666666666667
1.833333333333333
1.850000000000000
1.866666666666667
1.883333333333333
1.900000000000000
1.916666666666667
1.933333333333333
1.950000000000000
1.966666666666667
1.983333333333333
2.000000000000000
2.016666666666667
2.033333333333333
2.050000000000000
2.066666666666667
2.083333333333333
2.100000000000000
2.116666666666667
2.133333333333333
2.150000000000000
2.166666666666667
2.183333333333333
2.200000000000000
2.216666666666667
2.233333333333333
2.250000000000000
2.266666666666667
2.283333333333333
2.300000000000000
2.316666666666667
2.333333333333333
2.350000000000000
2.366666666666667
2.383333333333333
2.400000000000000
2.416666666666667
2.433333333333333
2.450000000000000
2.466666666666667
2.483333333333333
2.500000000000000
2.516666666666667
2.533333333333333
2.550000000000000
2.566666666666667
2.583333333333333
2.600000000000000
2.616666666666667
2.633333333333333
2.650000000000000
2.666666666666667
2.683333333333333
2.700000000000000
2.716666666666667
2.733333333333333
2.750000000000000
2.766666666666667
2.783333333333333
2.800000000000000
2.816666666666667
2.833333333333333
2.850000000000000
2.866666666666667
2.883333333333333
2.900000000000000
2.916666666666667
2.933333333333333
2.950000000000000
2.966666666666667
2.983333333333333
3.000000000000000
3.016666666666667
3.033333333333333
3.050000000000000
3.066666666666667
3.083333333333333
3.100000000000000
3.116666666666667
3.133333333333333
3.150000000000000
3.166666666666667
3.183333333333333
3.200000000000000
3.216666666666667
3.233333333333333
3.250000000000000
3.266666666666667
3.283333333333333
3.300000000000000
3.316666666666667
3.333333333333333
3.350000000000000
3.366666666666667
3.383333333333333
3.400000000000000
3.416666666666667
3.433333333333333
3.450000000000000
3.466666666666667
3.483333333333333
3.500000000000000
3.516666666666667
3.533333333333333
3.550000000000000
3.566666666666667
3.583333333333333
3.600000000000000
3.616666666666667
3.633333333333333
3.650000000000000
3.666666666666667
3.683333333333333
3.700000000000000
3.716666666666667
3.733333333333333
3.750000000000000
3.766666666666667
3.783333333333333
3.800000000000000
3.816666666666667
3.833333333333333
3.850000000000000
3.866666666666667
3.883333333333333
3.900000000000000
3.916666666666667
3.933333333333333
3.950000000000000
3.966666666666667
3.983333333333333
4.000000000000000
4.016666666666667
4.033333333333333
4.050000000000000
4.066666666666666
4.083333333333333
4.100000000000000
4.116666666666666
4.133333333333334
4.150000000000000
4.166666666666667
4.183333333333334
4.200000000000000
4.216666666666667
4.233333333333333
4.250000000000000
4.266666666666667
4.283333333333333
4.300000000000000
4.316666666666666
4.333333333333333
4.350000000000000
4.366666666666666
4.383333333333334
4.400000000000000
4.416666666666667
4.433333333333334
4.450000000000000
4.466666666666667
4.483333333333333
4.500000000000000
4.516666666666667
4.533333333333333
4.550000000000000
4.566666666666666
4.583333333333333
4.600000000000000
4.616666666666666
4.633333333333334
4.650000000000000
4.666666666666667
4.683333333333334
4.700000000000000
4.716666666666667
4.733333333333333
4.750000000000000
4.766666666666667
4.783333333333333
4.800000000000000
4.816666666666666
4.833333333333333
4.850000000000000
4.866666666666666
4.883333333333334
4.900000000000000
4.916666666666667
4.933333333333334
4.950000000000000
4.966666666666667
4.983333333333333
5.000000000000000
5.016666666666667
5.033333333333333
5.050000000000000
5.066666666666666
5.083333333333333
5.100000000000000
5.116666666666666
5.133333333333334
5.150000000000000
5.166666666666667
5.183333333333334
5.200000000000000
5.216666666666667
5.233333333333333
5.250000000000000
5.266666666666667
5.283333333333333
5.300000000000000
5.316666666666666
5.333333333333333
5.350000000000000
5.366666666666666
5.383333333333334
5.400000000000000
5.416666666666667
5.433333333333334
5.450000000000000
5.466666666666667
5.483333333333333
5.500000000000000
5.516666666666667
5.533333333333333
5.550000000000000
5.566666666666666
5.583333333333333
5.600000000000000
5.616666666666666
5.633333333333334
5.650000000000000
5.666666666666667
5.683333333333334
5.700000000000000
5.716666666666667
5.733333333333333
5.750000000000000
5.766666666666667
5.783333333333333
5.800000000000000
5.816666666666666
5.833333333333333
5.850000000000000
5.866666666666666
5.883333333333334
5.900000000000000
5.916666666666667
5.933333333333334
5.950000000000000
5.966666666666667
5.983333333333333
6.000000000000000
6.016666666666667
6.033333333333333
6.050000000000000
6.066666666666666
6.083333333333333
6.100000000000000
6.116666666666666
6.133333333333334
6.150000000000000
6.166666666666667
6.183333333333334
6.200000000000000
6.216666666666667
6.233333333333333
6.250000000000000
6.266666666666667
6.283333333333333
6.300000000000000
6.316666666666666
6.333333333333333
6.350000000000000
6.366666666666666
6.383333333333334
6.400000000000000
6.416666666666667
6.433333333333334
6.450000000000000
6.466666666666667
6.483333333333333
6.500000000000000
6.516666666666667
6.533333333333333
6.550000000000000
6.566666666666666
6.583333333333333
6.600000000000000
6.616666666666666
6.633333333333334
6.650000000000000
6.666666666666667
6.683333333333334
6.700000000000000
6.716666666666667
6.733333333333333
6.750000000000000
6.766666666666667
6.783333333333333
6.800000000000000
6.816666666666666
6.833333333333333
6.850000000000000
6.866666666666666
6.883333333333334
6.900000000000000
6.916666666666667
6.933333333333334
6.950000000000000
6.966666666666667
6.983333333333333
7.000000000000000
7.016666666666667
7.033333333333333
7.050000000000000
7.066666666666666
7.083333333333333
7.100000000000000
7.116666666666666
7.133333333333334
7.150000000000000
7.166666666666667
7.183333333333334
7.200000000000000
7.216666666666667
7.233333333333333
7.250000000000000
7.266666666666667
7.283333333333333
7.300000000000000
7.316666666666666
7.333333333333333
7.350000000000000
7.366666666666666
7.383333333333334
7.400000000000000
7.416666666666667
7.433333333333334
7.450000000000000
7.466666666666667
7.483333333333333
7.500000000000000
7.516666666666667
7.533333333333333
7.550000000000000
7.566666666666666
7.583333333333333
7.600000000000000
7.616666666666666
7.633333333333334
7.650000000000000
7.666666666666667
7.683333333333334
7.700000000000000
7.716666666666667
7.733333333333333
7.750000000000000
7.766666666666667
7.783333333333333
7.800000000000000
7.816666666666666
7.833333333333333
7.850000000000000
7.866666666666666
7.883333333333334
7.900000000000000
7.916666666666667
7.933333333333334
7.950000000000000
7.966666666666667
7.983333333333333
8.000000000000000
8.016666666666667
8.033333333333333
8.050000000000001
8.066666666666666
8.083333333333334
8.100000000000000
8.116666666666667
8.133333333333333
8.150000000000000
8.166666666666666
8.183333333333334
8.199999999999999
8.216666666666667
8.233333333333333
8.250000000000000
8.266666666666667
8.283333333333333
8.300000000000001
8.316666666666666
8.333333333333334
8.350000000000000
8.366666666666667
8.383333333333333
8.400000000000000
8.416666666666666
8.433333333333334
8.449999999999999
8.466666666666667
8.483333333333333
8.500000000000000
8.516666666666667
8.533333333333333
8.550000000000001
8.566666666666666
8.583333333333334
8.600000000000000
8.616666666666667
8.633333333333333
8.650000000000000
8.666666666666666
8.683333333333334
8.699999999999999
8.716666666666667
8.733333333333333
8.750000000000000
8.766666666666667
8.783333333333333
8.800000000000001
8.816666666666666
8.833333333333334
8.850000000000000
8.866666666666667
8.883333333333333
8.900000000000000
8.916666666666666
8.933333333333334
8.949999999999999
8.966666666666667
8.983333333333333
9.000000000000000
9.016666666666667
9.033333333333333
9.050000000000001
9.066666666666666
9.083333333333334
9.100000000000000
9.116666666666667
9.133333333333333
9.150000000000000
9.166666666666666
9.183333333333334
9.199999999999999
9.216666666666667
9.233333333333333
9.250000000000000
9.266666666666667
9.283333333333333
9.300000000000001
9.316666666666666
9.333333333333334
9.350000000000000
9.366666666666667
9.383333333333333
9.400000000000000
9.416666666666666
9.433333333333334
9.449999999999999
9.466666666666667
9.483333333333333
9.500000000000000
9.516666666666667
9.533333333333333
9.550000000000001
9.566666666666666
9.583333333333334
9.600000000000000
9.616666666666667
9.633333333333333
9.650000000000000
9.666666666666666
9.683333333333334
9.699999999999999
9.716666666666667
9.733333333333333
9.750000000000000
9.766666666666667
9.783333333333333
9.800000000000001
9.816666666666666
9.833333333333334
9.850000000000000
9.866666666666667
9.883333333333333
9.900000000000000
9.916666666666666
9.933333333333334
9.949999999999999
9.966666666666667
9.983333333333333
10.000000000000000
10.016666666666667
10.033333333333333
10.050000000000001
10.066666666666666
10.083333333333334
10.100000000000000
10.116666666666667
10.133333333333333
10.150000000000000
10.166666666666666
10.183333333333334
10.199999999999999
10.216666666666667
10.233333333333333
10.250000000000000
10.266666666666667
10.283333333333333
10.300000000000001
10.316666666666666
10.333333333333334
10.350000000000000
10.366666666666667
10.383333333333333
10.400000000000000
10.416666666666666
10.433333333333334
10.449999999999999
10.466666666666667
10.483333333333333
10.500000000000000
10.516666666666667
10.533333333333333
10.550000000000001
10.566666666666666
10.583333333333334
10.600000000000000
10.616666666666667
10.633333333333333
10.650000000000000
10.666666666666666
10.683333333333334
10.699999999999999
10.716666666666667
10.733333333333333
10.750000000000000
10.766666666666667
10.783333333333333
10.800000000000001
10.816666666666666
10.833333333333334
10.850000000000000
10.866666666666667
10.883333333333333
10.900000000000000
10.916666666666666
10.933333333333334
10.949999999999999
10.966666666666667
10.983333333333333
11.000000000000000
11.016666666666667
11.033333333333333
11.050000000000001
11.066666666666666
11.083333333333334
11.100000000000000
11.116666666666667
11.133333333333333
11.150000000000000
11.166666666666666
11.183333333333334
11.199999999999999
11.216666666666667
11.233333333333333
11.250000000000000
11.266666666666667
11.283333333333333
11.300000000000001
11.316666666666666
11.333333333333334
11.350000000000000
11.366666666666667
11.383333333333333
11.400000000000000
11.416666666666666
11.433333333333334
11.449999999999999
11.466666666666667
11.483333333333333
11.500000000000000
11.516666666666667
11.533333333333333
11.550000000000001
11.566666666666666
11.583333333333334
11.600000000000000
11.616666666666667
11.633333333333333
11.650000000000000
11.666666666666666
11.683333333333334
11.699999999999999
11.716666666666667
11.733333333333333
11.750000000000000
11.766666666666667
11.783333333333333
11.800000000000001
11.816666666666666
11.833333333333334
11.850000000000000
11.866666666666667
11.883333333333333
11.900000000000000
11.916666666666666
11.933333333333334
11.949999999999999
11.966666666666667
11.983333333333333
12.000000000000000
12.016666666666667
12.033333333333333
12.050000000000001
12.066666666666666
12.083333333333334
12.100000000000000
12.116666666666667
12.133333333333333
12.150000000000000
12.166666666666666
12.183333333333334
12.199999999999999
12.216666666666667
12.233333333333333
12.250000000000000
12.266666666666667
12.283333333333333
12.300000000000001
12.316666666666666
12.333333333333334
12.350000000000000
12.366666666666667
12.383333333333333
12.400000000000000
12.416666666666666
12.433333333333334
12.449999999999999
12.466666666666667
12.483333333333333
12.500000000000000
12.516666666666667
12.533333333333333
12.550000000000001
12.566666666666666
12.583333333333334
12.600000000000000
12.616666666666667
12.633333333333333
12.650000000000000
12.666666666666666
12.683333333333334
12.699999999999999
12.716666666666667
12.733333333333333
12.750000000000000
12.766666666666667
12.783333333333333
12.800000000000001
12.816666666666666
12.833333333333334
12.850000000000000
12.866666666666667
12.883333333333333
12.900000000000000
12.916666666666666
12.933333333333334
12.949999999999999
12.966666666666667
12.983333333333333
13.000000000000000
13.016666666666667
13.033333333333333
13.050000000000001
13.066666666666666
13.083333333333334
13.100000000000000
13.116666666666667
13.133333333333333
13.150000000000000
13.166666666666666
13.183333333333334
13.199999999999999
13.216666666666667
13.233333333333333
13.250000000000000
13.266666666666667
13.283333333333333
13.300000000000001
13.316666666666666
13.333333333333334
13.350000000000000
13.366666666666667
13.383333333333333
13.400000000000000
13.416666666666666
13.433333333333334
13.449999999999999
13.466666666666667
13.483333333333333
13.500000000000000
13.516666666666667
13.533333333333333
13.550000000000001
13.566666666666666
13.583333333333334
13.600000000000000
13.616666666666667
13.633333333333333
13.650000000000000
13.666666666666666
13.683333333333334
13.699999999999999
13.716666666666667
13.733333333333333
13.750000000000000
13.766666666666667
13.783333333333333
13.800000000000001
13.816666666666666
13.833333333333334
13.850000000000000
13.866666666666667
13.883333333333333
13.900000000000000
13.916666666666666
13.933333333333334
13.949999999999999
13.966666666666667
13.983333333333333
14.000000000000000
14.016666666666667
14.033333333333333
14.050000000000001
14.066666666666666
14.083333333333334
14.100000000000000
14.116666666666667
14.133333333333333
14.150000000000000
14.166666666666666
14.183333333333334
14.199999999999999
14.216666666666667
14.233333333333333
14.250000000000000
14.266666666666667
14.283333333333333
14.300000000000001
14.316666666666666
14.333333333333334
14.350000000000000
14.366666666666667
14.383333333333333
14.400000000000000
14.416666666666666
14.433333333333334
14.449999999999999
14.466666666666667
14.483333333333333
14.500000000000000
14.516666666666667
14.533333333333333
14.550000000000001
14.566666666666666
14.583333333333334
14.600000000000000
14.616666666666667
14.633333333333333
14.650000000000000
14.666666666666666
14.683333333333334
14.699999999999999
14.716666666666667
14.733333333333333
14.750000000000000
14.766666666666667
14.783333333333333
14.800000000000001
14.816666666666666
14.833333333333334
14.850000000000000
14.866666666666667
14.883333333333333
14.900000000000000
14.916666666666666
14.933333333333334
14.949999999999999
14.966666666666667
14.983333333333333
15.000000000000000
15.016666666666667
15.033333333333333
15.050000000000001
15.066666666666666
15.083333333333334
15.100000000000000
15.116666666666667
15.133333333333333
15.150000000000000
15.166666666666666
15.183333333333334
15.199999999999999
15.216666666666667
15.233333333333333
15.250000000000000
15.266666666666667
15.283333333333333
15.300000000000001
15.316666666666666
15.333333333333334
15.350000000000000
15.366666666666667
15.383333333333333
15.400000000000000
15.416666666666666
15.433333333333334
15.449999999999999
15.466666666666667
15.483333333333333
15.500000000000000
15.516666666666667
15.533333333333333
15.550000000000001
15.566666666666666
15.583333333333334
15.600000000000000
15.616666666666667
15.633333333333333
15.650000000000000
15.666666666666666
15.683333333333334
15.699999999999999
15.716666666666667
15.733333333333333
15.750000000000000
15.766666666666667
15.783333333333333
15.800000000000001
15.816666666666666
15.833333333333334
15.850000000000000
15.866666666666667
15.883333333333333
15.900000000000000
15.916666666666666
15.933333333333334
15.949999999999999
15.966666666666667
15.983333333333333
16.000000000000000
16.016666666666666
16.033333333333335
16.050000000000001
16.066666666666666
16.083333333333332
16.100000000000001
16.116666666666667
16.133333333333333
16.149999999999999
16.166666666666668
16.183333333333334
16.199999999999999
16.216666666666665
16.233333333333334
16.250000000000000
16.266666666666666
16.283333333333335
16.300000000000001
16.316666666666666
16.333333333333332
16.350000000000001
16.366666666666667
16.383333333333333
16.399999999999999
16.416666666666668
16.433333333333334
16.449999999999999
16.466666666666665
16.483333333333334
16.500000000000000
16.516666666666666
16.533333333333335
16.550000000000001
16.566666666666666
16.583333333333332
16.600000000000001
16.616666666666667
16.633333333333333
16.649999999999999
16.666666666666668
16.683333333333334
16.699999999999999
16.716666666666665
16.733333333333334
16.750000000000000
16.766666666666666
16.783333333333335
16.800000000000001
16.816666666666666
16.833333333333332
16.850000000000001
16.866666666666667
16.883333333333333
16.899999999999999
16.916666666666668
16.933333333333334
16.949999999999999
16.966666666666665
16.983333333333334
17.000000000000000
17.016666666666666
17.033333333333335
17.050000000000001
17.066666666666666
17.083333333333332
17.100000000000001
17.116666666666667
17.133333333333333
17.149999999999999
17.166666666666668
17.183333333333334
17.199999999999999
17.216666666666665
17.233333333333334
17.250000000000000
17.266666666666666
17.283333333333335
17.300000000000001
17.316666666666666
17.333333333333332
17.350000000000001
17.366666666666667
17.383333333333333
17.399999999999999
17.416666666666668
17.433333333333334
17.449999999999999
17.466666666666665
17.483333333333334
17.500000000000000
17.516666666666666
17.533333333333335
17.550000000000001
17.566666666666666
17.583333333333332
17.600000000000001
17.616666666666667
17.633333333333333
17.649999999999999
17.666666666666668
17.683333333333334
17.699999999999999
17.716666666666665
17.733333333333334
17.750000000000000
17.766666666666666
17.783333333333335
17.800000000000001
17.816666666666666
17.833333333333332
17.850000000000001
17.866666666666667
17.883333333333333
17.899999999999999
17.916666666666668
17.933333333333334
17.949999999999999
17.966666666666665
17.983333333333334
18.000000000000000
18.016666666666666
18.033333333333335
18.050000000000001
18.066666666666666
18.083333333333332
18.100000000000001
18.116666666666667
18.133333333333333
18.149999999999999
18.166666666666668
18.183333333333334
18.199999999999999
18.216666666666665
18.233333333333334
18.250000000000000
18.266666666666666
18.283333333333335
18.300000000000001
18.316666666666666
18.333333333333332
18.350000000000001
18.366666666666667
18.383333333333333
18.399999999999999
18.416666666666668
18.433333333333334
18.449999999999999
18.466666666666665
18.483333333333334
18.500000000000000
18.516666666666666
18.533333333333335
18.550000000000001
18.566666666666666
18.583333333333332
18.600000000000001
18.616666666666667
18.633333333333333
18.649999999999999
18.666666666666668
18.683333333333334
18.699999999999999
18.716666666666665
18.733333333333334
18.750000000000000
18.766666666666666
18.783333333333335
18.800000000000001
18.816666666666666
18.833333333333332
18.850000000000001
18.866666666666667
18.883333333333333
18.899999999999999
18.916666666666668
18.933333333333334
18.949999999999999
18.966666666666665
18.983333333333334
19.000000000000000
19.016666666666666
19.033333333333335
19.050000000000001
19.066666666666666
19.083333333333332
19.100000000000001
19.116666666666667
19.133333333333333
19.149999999999999
19.166666666666668
19.183333333333334
19.199999999999999
19.216666666666665
19.233333333333334
19.250000000000000
19.266666666666666
19.283333333333335
19.300000000000001
19.316666666666666
19.333333333333332
19.350000000000001
19.366666666666667
19.383333333333333
19.399999999999999
19.416666666666668
19.433333333333334
19.449999999999999
19.466666666666665
19.483333333333334
19.500000000000000
19.516666666666666
19.533333333333335
19.550000000000001
19.566666666666666
19.583333333333332
19.600000000000001
19.616666666666667
19.633333333333333
19.649999999999999
19.666666666666668
19.683333333333334
19.699999999999999
19.716666666666665
19.733333333333334
19.750000000000000
19.766666666666666
19.783333333333335
19.800000000000001
19.816666666666666
19.833333333333332
19.850000000000001
19.866666666666667
19.883333333333333
19.899999999999999
19.916666666666668
19.933333333333334
19.949999999999999
19.966666666666665
19.983333333333334
20.000000000000000
20.016666666666666
20.033333333333335
20.050000000000001
20.066666666666666
20.083333333333332
20.100000000000001
20.116666666666667
20.133333333333333
20.149999999999999
20.166666666666668
20.183333333333334
20.199999999999999
20.216666666666665
20.233333333333334
20.250000000000000
20.266666666666666
20.283333333333335
20.300000000000001
20.316666666666666
20.333333333333332
20.350000000000001
20.366666666666667
20.383333333333333
20.399999999999999
20.416666666666668
20.433333333333334
20.449999999999999
20.466666666666665
20.483333333333334
20.500000000000000
20.516666666666666
20.533333333333335
20.550000000000001
20.566666666666666
20.583333333333332
20.600000000000001
20.616666666666667
20.633333333333333
20.649999999999999
20.666666666666668
20.683333333333334
20.699999999999999
20.716666666666665
20.733333333333334
20.750000000000000
20.766666666666666
20.783333333333335
20.800000000000001
20.816666666666666
20.833333333333332
20.850000000000001
20.866666666666667
20.883333333333333
20.899999999999999
20.916666666666668
20.933333333333334
20.949999999999999
20.966666666666665
20.983333333333334
21.000000000000000
21.016666666666666
21.033333333333335
21.050000000000001
21.066666666666666
21.083333333333332
21.100000000000001
21.116666666666667
21.133333333333333
21.149999999999999
21.166666666666668
21.183333333333334
21.199999999999999
21.216666666666665
21.233333333333334
21.250000000000000
21.266666666666666
21.283333333333335
21.300000000000001
21.316666666666666
21.333333333333332
21.350000000000001
21.366666666666667
21.383333333333333
21.399999999999999
21.416666666666668
21.433333333333334
21.449999999999999
21.466666666666665
21.483333333333334
21.500000000000000
21.516666666666666
21.533333333333335
21.550000000000001
21.566666666666666
21.583333333333332
21.600000000000001
21.616666666666667
21.633333333333333
21.649999999999999
21.666666666666668
21.683333333333334
21.699999999999999
21.716666666666665
21.733333333333334
21.750000000000000
21.766666666666666
21.783333333333335
21.800000000000001
21.816666666666666
21.833333333333332
21.850000000000001
21.866666666666667
21.883333333333333
21.899999999999999
21.916666666666668
21.933333333333334
21.949999999999999
21.966666666666665
21.983333333333334
22.000000000000000
22.016666666666666
22.033333333333335
22.050000000000001
22.066666666666666
22.083333333333332
22.100000000000001
22.116666666666667
22.133333333333333
22.149999999999999
22.166666666666668
22.183333333333334
22.199999999999999
22.216666666666665
22.233333333333334
22.250000000000000
22.266666666666666
22.283333333333335
22.300000000000001
22.316666666666666
22.333333333333332
22.350000000000001
22.366666666666667
22.383333333333333
22.399999999999999
22.416666666666668
22.433333333333334
22.449999999999999
22.466666666666665
22.483333333333334
22.500000000000000
22.516666666666666
22.533333333333335
22.550000000000001
22.566666666666666
22.583333333333332
22.600000000000001
22.616666666666667
22.633333333333333
22.649999999999999
22.666666666666668
22.683333333333334
22.699999999999999
22.716666666666665
22.733333333333334
22.750000000000000
22.766666666666666
22.783333333333335
22.800000000000001
22.816666666666666
22.833333333333332
22.850000000000001
22.866666666666667
22.883333333333333
22.899999999999999
22.916666666666668
22.933333333333334
22.949999999999999
22.966666666666665
22.983333333333334
23.000000000000000
23.016666666666666
23.033333333333335
23.050000000000001
23.066666666666666
23.083333333333332
23.100000000000001
23.116666666666667
23.133333333333333
23.149999999999999
23.166666666666668
23.183333333333334
23.199999999999999
23.216666666666665
23.233333333333334
23.250000000000000
23.266666666666666
23.283333333333335
23.300000000000001
23.316666666666666
23.333333333333332
23.350000000000001
23.366666666666667
23.383333333333333
23.399999999999999
23.416666666666668
23.433333333333334
23.449999999999999
23.466666666666665
23.483333333333334
23.500000000000000
23.516666666666666
23.533333333333335
23.550000000000001
23.566666666666666
23.583333333333332
23.600000000000001
23.616666666666667
23.633333333333333
23.649999999999999
23.666666666666668
23.683333333333334
23.699999999999999
23.716666666666665
23.733333333333334
23.750000000000000
23.766666666666666
23.783333333333335
23.800000000000001
23.816666666666666
23.833333333333332
23.850000000000001
23.866666666666667
23.883333333333333
23.899999999999999
23.916666666666668
23.933333333333334
23.949999999999999
23.966666666666665
23.983333333333334
24.000000000000000
24.016666666666666
24.033333333333335
24.050000000000001
24.066666666666666
24.083333333333332
24.100000000000001
24.116666666666667
24.133333333333333
24.149999999999999
24.166666666666668
24.183333333333334
24.199999999999999
24.216666666666665
24.233333333333334
24.250000000000000
24.266666666666666
24.283333333333335
24.300000000000001
24.316666666666666
24.333333333333332
24.350000000000001
24.366666666666667
24.383333333333333
24.399999999999999
24.416666666666668
24.433333333333334
24.449999999999999
24.466666666666665
24.483333333333334
24.500000000000000
24.516666666666666
24.533333333333335
24.550000000000001
24.566666666666666
24.583333333333332
24.600000000000001
24.616666666666667
24.633333333333333
24.649999999999999
24.666666666666668
24.683333333333334
24.699999999999999
24.716666666666665
24.733333333333334
24.750000000000000
24.766666666666666
24.783333333333335
24.800000000000001
24.816666666666666
24.833333333333332
24.850000000000001
24.866666666666667
24.883333333333333
24.899999999999999
24.916666666666668
24.933333333333334
24.949999999999999
24.966666666666665
24.983333333333334
25.000000000000000
25.016666666666666
25.033333333333335
25.050000000000001
25.066666666666666
25.083333333333332
25.100000000000001
25.116666666666667
25.133333333333333
25.149999999999999
25.166666666666668
25.183333333333334
25.199999999999999
25.216666666666665
25.233333333333334
25.250000000000000
25.266666666666666
25.283333333333335
25.300000000000001
25.316666666666666
25.333333333333332
25.350000000000001
25.366666666666667
25.383333333333333
25.399999999999999
25.416666666666668
25.433333333333334
25.449999999999999
25.466666666666665
25.483333333333334
25.500000000000000
25.516666666666666
25.533333333333335
25.550000000000001
25.566666666666666
25.583333333333332
25.600000000000001
25.616666666666667
25.633333333333333
25.649999999999999
25.666666666666668
25.683333333333334
25.699999999999999
25.716666666666665
25.733333333333334
25.750000000000000
25.766666666666666
25.783333333333335
25.800000000000001
25.816666666666666
25.833333333333332
25.850000000000001
25.866666666666667
25.883333333333333
25.899999999999999
25.916666666666668
25.933333333333334
25.949999999999999
25.966666666666665
25.983333333333334
26.000000000000000
26.016666666666666
26.033333333333335
26.050000000000001
26.066666666666666
26.083333333333332
26.100000000000001
26.116666666666667
26.133333333333333
26.149999999999999
26.166666666666668
26.183333333333334
26.199999999999999
26.216666666666665
26.233333333333334
26.250000000000000
26.266666666666666
26.283333333333335
26.300000000000001
26.316666666666666
26.333333333333332
26.350000000000001
26.366666666666667
26.383333333333333
26.399999999999999
26.416666666666668
26.433333333333334
26.449999999999999
26.466666666666665
26.483333333333334
26.500000000000000
26.516666666666666
26.533333333333335
26.550000000000001
26.566666666666666
26.583333333333332
26.600000000000001
26.616666666666667
26.633333333333333
26.649999999999999
26.666666666666668
26.683333333333334
26.699999999999999
26.716666666666665
26.733333333333334
26.750000000000000
26.766666666666666
26.783333333333335
26.800000000000001
26.816666666666666
26.833333333333332
26.850000000000001
26.866666666666667
26.883333333333333
26.899999999999999
26.916666666666668
26.933333333333334
26.949999999999999
26.966666666666665
26.983333333333334
27.000000000000000
27.016666666666666
27.033333333333335
27.050000000000001
27.066666666666666
27.083333333333332
27.100000000000001
27.116666666666667
27.133333333333333
27.149999999999999
27.166666666666668
27.183333333333334
27.199999999999999
27.216666666666665
27.233333333333334
27.250000000000000
27.266666666666666
27.283333333333335
27.300000000000001
27.316666666666666
27.333333333333332
27.350000000000001
27.366666666666667
27.383333333333333
27.399999999999999
27.416666666666668
27.433333333333334
27.449999999999999
27.466666666666665
27.483333333333334
27.500000000000000
27.516666666666666
27.533333333333335
27.550000000000001
27.566666666666666
27.583333333333332
27.600000000000001
27.616666666666667
27.633333333333333
27.649999999999999
27.666666666666668
27.683333333333334
27.699999999999999
27.716666666666665
27.733333333333334
27.750000000000000
27.766666666666666
27.783333333333335
27.800000000000001
27.816666666666666
27.833333333333332
27.850000000000001
27.866666666666667
27.883333333333333
27.899999999999999
27.916666666666668
27.933333333333334
27.949999999999999
27.966666666666665
27.983333333333334
28.000000000000000
28.016666666666666
28.033333333333335
28.050000000000001
28.066666666666666
28.083333333333332
28.100000000000001
28.116666666666667
28.133333333333333
28.149999999999999
28.166666666666668
28.183333333333334
28.199999999999999
28.216666666666665
28.233333333333334
28.250000000000000
28.266666666666666
28.283333333333335
28.300000000000001
28.316666666666666
28.333333333333332
28.350000000000001
28.366666666666667
28.383333333333333
28.399999999999999
28.416666666666668
28.433333333333334
28.449999999999999
28.466666666666665
28.483333333333334
28.500000000000000
28.516666666666666
28.533333333333335
28.550000000000001
28.566666666666666
28.583333333333332
28.600000000000001
28.616666666666667
28.633333333333333
28.649999999999999
28.666666666666668
28.683333333333334
28.699999999999999
28.716666666666665
28.733333333333334
28.750000000000000
28.766666666666666
28.783333333333335
28.800000000000001
28.816666666666666
28.833333333333332
28.850000000000001
28.866666666666667
28.883333333333333
28.899999999999999
28.916666666666668
28.933333333333334
28.949999999999999
28.966666666666665
28.983333333333334
29.000000000000000
29.016666666666666
29.033333333333335
29.050000000000001
29.066666666666666
29.083333333333332
29.100000000000001
29.116666666666667
29.133333333333333
29.149999999999999
29.166666666666668
29.183333333333334
29.199999999999999
29.216666666666665
29.233333333333334
29.250000000000000
29.266666666666666
29.283333333333335
29.300000000000001
29.316666666666666
29.333333333333332
29.350000000000001
29.366666666666667
29.383333333333333
29.399999999999999
29.416666666666668
29.433333333333334
29.449999999999999
29.466666666666665
29.483333333333334
29.500000000000000
29.516666666666666
29.533333333333335
29.550000000000001
29.566666666666666
29.583333333333332
29.600000000000001
29.616666666666667
29.633333333333333
29.649999999999999
29.666666666666668
29.683333333333334
29.699999999999999
29.716666666666665
29.733333333333334
29.750000000000000
29.766666666666666
29.783333333333335
29.800000000000001
29.816666666666666
29.833333333333332
29.850000000000001
29.866666666666667
29.883333333333333
29.899999999999999
29.916666666666668
29.933333333333334
29.949999999999999
29.966666666666665
29.983333333333334
30.000000000000000
30.016666666666666
30.033333333333335
30.050000000000001
30.066666666666666
30.083333333333332
30.100000000000001
30.116666666666667
30.133333333333333
30.149999999999999
30.166666666666668
30.183333333333334
30.199999999999999
30.216666666666665
30.233333333333334
30.250000000000000
30.266666666666666
30.283333333333335
30.300000000000001
30.316666666666666
30.333333333333332
30.350000000000001
30.366666666666667
30.383333333333333
30.399999999999999
30.416666666666668
30.433333333333334
30.449999999999999
30.466666666666665
30.483333333333334
30.500000000000000
30.516666666666666
30.533333333333335
30.550000000000001
30.566666666666666
30.583333333333332
30.600000000000001
30.616666666666667
30.633333333333333
30.649999999999999
30.666666666666668
30.683333333333334
30.699999999999999
30.716666666666665
30.733333333333334
30.750000000000000
30.766666666666666
30.783333333333335
30.800000000000001
30.816666666666666
30.833333333333332
30.850000000000001
30.866666666666667
30.883333333333333
30.899999999999999
30.916666666666668
30.933333333333334
30.949999999999999
30.966666666666665
30.983333333333334
31.000000000000000
31.016666666666666
31.033333333333335
31.050000000000001
31.066666666666666
31.083333333333332
31.100000000000001
31.116666666666667
31.133333333333333
31.149999999999999
31.166666666666668
31.183333333333334
31.199999999999999
31.216666666666665
31.233333333333334
31.250000000000000
31.266666666666666
31.283333333333335
31.300000000000001
31.316666666666666
31.333333333333332
31.350000000000001
31.366666666666667
31.383333333333333
31.399999999999999
31.416666666666668
31.433333333333334
31.449999999999999
31.466666666666665
31.483333333333334
31.500000000000000
31.516666666666666
31.533333333333335
31.550000000000001
31.566666666666666
31.583333333333332
31.600000000000001
31.616666666666667
31.633333333333333
31.649999999999999
31.666666666666668
31.683333333333334
31.699999999999999
31.716666666666665
31.733333333333334
31.750000000000000
31.766666666666666
31.783333333333335
31.800000000000001
31.816666666666666
31.833333333333332
31.850000000000001
31.866666666666667
31.883333333333333
31.899999999999999
31.916666666666668
31.933333333333334
31.949999999999999
31.966666666666665
31.983333333333334
32.000000000000000
32.016666666666666
32.033333333333331
32.049999999999997
32.066666666666670
32.083333333333336
32.100000000000001
32.116666666666667
32.133333333333333
32.149999999999999
32.166666666666664
32.183333333333330
32.200000000000003
32.216666666666669
32.233333333333334
32.250000000000000
32.266666666666666
32.283333333333331
32.299999999999997
32.316666666666670
32.333333333333336
32.350000000000001
32.366666666666667
32.383333333333333
32.399999999999999
32.416666666666664
32.433333333333330
32.450000000000003
32.466666666666669
32.483333333333334
32.500000000000000
32.516666666666666
32.533333333333331
32.549999999999997
32.566666666666670
32.583333333333336
32.600000000000001
32.616666666666667
32.633333333333333
32.649999999999999
32.666666666666664
32.683333333333330
32.700000000000003
32.716666666666669
32.733333333333334
32.750000000000000
32.766666666666666
32.783333333333331
32.799999999999997
32.816666666666670
32.833333333333336
32.850000000000001
32.866666666666667
32.883333333333333
32.899999999999999
32.916666666666664
32.933333333333330
32.950000000000003
32.966666666666669
32.983333333333334
33.000000000000000
33.016666666666666
33.033333333333331
33.049999999999997
33.066666666666670
33.083333333333336
33.100000000000001
33.116666666666667
33.133333333333333
33.149999999999999
33.166666666666664
33.183333333333330
33.200000000000003
33.216666666666669
33.233333333333334
33.250000000000000
33.266666666666666
33.283333333333331
33.299999999999997
33.316666666666670
33.333333333333336
33.350000000000001
33.366666666666667
33.383333333333333
33.399999999999999
33.416666666666664
33.433333333333330
33.450000000000003
33.466666666666669
33.483333333333334
33.500000000000000
33.516666666666666
33.533333333333331
33.549999999999997
33.566666666666670
33.583333333333336
33.600000000000001
33.616666666666667
33.633333333333333
33.649999999999999
33.666666666666664
33.683333333333330
33.700000000000003
33.716666666666669
33.733333333333334
33.750000000000000
33.766666666666666
33.783333333333331
33.799999999999997
33.816666666666670
33.833333333333336
33.850000000000001
33.866666666666667
33.883333333333333
33.899999999999999
33.916666666666664
33.933333333333330
33.950000000000003
33.966666666666669
33.983333333333334
34.000000000000000
34.016666666666666
34.033333333333331
34.049999999999997
34.066666666666670
34.083333333333336
34.100000000000001
34.116666666666667
34.133333333333333
34.149999999999999
34.166666666666664
34.183333333333330
34.200000000000003
34.216666666666669
34.233333333333334
34.250000000000000
34.266666666666666
34.283333333333331
34.299999999999997
34.316666666666670
34.333333333333336
34.350000000000001
34.366666666666667
34.383333333333333
34.399999999999999
34.416666666666664
34.433333333333330
34.450000000000003
34.466666666666669
34.483333333333334
34.500000000000000
34.516666666666666
34.533333333333331
34.549999999999997
34.566666666666670
34.583333333333336
34.600000000000001
34.616666666666667
34.633333333333333
34.649999999999999
34.666666666666664
34.683333333333330
34.700000000000003
34.716666666666669
34.733333333333334
34.750000000000000
34.766666666666666
34.783333333333331
34.799999999999997
34.816666666666670
34.833333333333336
34.850000000000001
34.866666666666667
34.883333333333333
34.899999999999999
34.916666666666664
34.933333333333330
34.950000000000003
34.966666666666669
34.983333333333334
35.000000000000000
